320
ADVT_.KO.___
49.5668 29.7383 0.0
AFSR_.KO.___
50.5532 33.0707 0.0
AGRB_.KO.___
50.4245 42.992 0.0
AKAS_.TU.___
53.7673 29.6052 0.0
AKCD_.TU.___
51.7044 37.9224 0.0
AKHS_.TU.___
51.1212 27.8138 0.0
AKO__.TU.___
52.5385 35.446 0.0
ALIC_.YL.___
49.022 33.487 0.0
ALIN_.YL.___
48.939 32.879 0.0
ALOR_.YL.___
48.699 32.87 0.0
ALT__.KO.___
50.9448 30.1103 0.0
ALT__.TU.___
48.912 28.74 0.0
ANA01.TU.___
50.1863 30.5284 0.0
ANA02.TU.___
50.2107 30.4973 0.0
ANA03.TU.___
50.1199 30.4534 0.0
ANA04.TU.___
50.2267 30.5101 0.0
ANDN_.TU.___
52.42 36.3453 0.0
ANTB_.KO.___
53.1002 30.6538 0.0
ANTO_.IU.___
50.1311 32.7936 0.0
APE__.GE.___
52.93 25.53 0.0
ARMT_.KO.___
49.4317 28.866 0.0
ARSL_.YL.___
49.045 35.887 0.0
ARTV_.TU.___
48.8151 41.9283 0.0
ATAB_.TU.___
52.5304 38.2949 0.0
ATI__.TU.___
49.8617 27.6533 0.0
AUBOZ.TU.___
50.0893 30.0325 0.0
AUKIR.TU.___
50.7128 30.5308 0.0
AUKUT.TU.___
50.6045 30.0213 0.0
AUMIH.TU.___
50.1321 31.4832 0.0
AUSIV.TU.___
50.5604 31.5397 0.0
AVNT_.TU.___
51.2216 34.8523 0.0
AYDB_.KO.___
52.0533 27.8908 0.0
AYDN_.TU.___
52.3392 27.8792 0.0
AYK__.TU.___
52.5856 36.8067 0.0
AYVA_.TU.___
50.6917 26.6903 0.0
BAG__.TU.___
51.3446 26.8519 0.0
BAGB_.YL.___
49.722 36.41 0.0
BALA_.TU.___
50.4439 33.1198 0.0
BALAT.TU.___
50.4439 33.1198 0.0
BALB_.KO.___
50.36 27.88 0.0
BALY_.TU.___
50.2597 27.6195 0.0
BAYT_.KO.___
49.859 40.3935 0.0
BBAL_.TU.___
50.4573 33.123 0.0
BBD__.TU.___
52.1978 28.8528 0.0
BCA__.KO.___
48.555 41.6223 0.0
BCAM_.TU.___
49.1842 32.0656 0.0
BCK__.KO.___
52.539 30.5877 0.0
BDRM_.TU.___
52.9347 27.4442 0.0
BEDI_.YL.___
48.879 33.506 0.0
BEKI_.YL.___
48.685 34.263 0.0
BES__.TU.___
52.2999 37.855 0.0
BEST_.TU.___
52.1089 41.27 0.0
BGK__.KO.___
48.819 28.773 0.0
BGKT_.KO.___
48.819 28.773 0.0
BLCB_.KO.___
51.6147 27.042 0.0
BLN__.TU.___
51.3651 27.8219 0.0
BNGB_.KO.___
51.0087 40.6792 0.0
BNGL_.TU.___
51.0479 41.1499 0.0
BNN__.KO.___
51.1478 35.8472 0.0
BODT_.KO.___
52.9378 27.3103 0.0
BOKE_.YL.___
49.448 36.211 0.0
BOLV_.TU.___
51.2862 30.9502 0.0
BORA_.TU.___
50.1199 30.4534 0.0
BOZ__.TU.___
49.466 28.782 0.0
BOZC_.TU.___
50.1583 26.0528 0.0
BSTP_.TU.___
52.0495 34.1083 0.0
BTAS_.TU.___
49.4294 30.9999 0.0
BUY__.TU.___
49.1477 29.118 0.0
BZK__.KO.___
48.04 34.0035 0.0
CAKM_.YL.___
49.985 37.367 0.0
CALT_.YL.___
48.672 35.125 0.0
CAM__.TU.___
51.2516 27.3125 0.0
CANB_.KO.___
49.9833 27.0624 0.0
CANT_.KO.___
49.3938 33.6197 0.0
CAVI_.KO.___
49.7982 29.8377 0.0
CAY__.TU.___
52.828 35.318 0.0
CAYA_.YL.___
49.627 34.269 0.0
CDAG_.TU.___
50.3764 34.3719 0.0
CEYT_.KO.___
52.9893 35.7478 0.0
CGC__.TU.___
52.253 37.296 0.0
CKO__.TU.___
52.9375 35.367 0.0
CLDR_.KO.___
50.856 43.9172 0.0
CLH__.TU.___
51.9844 38.2066 0.0
CMH__.TU.___
49.988 27.97 0.0
CNG__.TU.___
51.8046 39.2954 0.0
CORM_.KO.___
49.8215 34.6302 0.0
CRL__.KO.___
48.871 27.736 0.0
CRLT_.KO.___
48.871 27.736 0.0
CRLU_.YL.___
49.936 34.357 0.0
CSS__.GE.___
55.04 33.33 0.0
CTKS_.KO.___
48.7627 28.5072 0.0
CTYL_.KO.___
48.524 28.2897 0.0
CUKT_.KO.___
52.7527 43.6077 0.0
CUKU_.YL.___
49.396 33.441 0.0
CVD__.TU.___
52.2478 28.1066 0.0
DAD__.TU.___
50.0919 32.7534 0.0
DAG__.TU.___
51.996 27.7508 0.0
DAGI_.TU.___
48.9222 41.9142 0.0
DALT_.KO.___
53.1838 28.6532 0.0
DALY_.KO.___
53.1839 28.6531 0.0
DARE_.KO.___
51.4288 37.4832 0.0
DAT__.KO.___
53.271 27.5778 0.0
DBAD_.TU.___
48.9817 41.6947 0.0
DBOC_.TU.___
48.6547 41.6666 0.0
DDEM_.TU.___
49.1077 41.7507 0.0
DED__.TU.___
53.0386 34.7993 0.0
DEMI_.TU.___
50.9572 28.7162 0.0
DERE_.YL.___
48.523 35.064 0.0
DGB__.TU.___
51.9479 26.8826 0.0
DIGO_.TU.___
49.5853 43.3742 0.0
DIKM_.KO.___
48.3503 35.2578 0.0
DIYA_.TU.___
52.0766 40.1208 0.0
DNZL_.TU.___
52.3103 29.0464 0.0
DOGL_.YL.___
49.609 35.284 0.0
DRY__.TU.___
53.1614 36.2496 0.0
DUMA_.YL.___
49.082 35.14 0.0
DURS_.TU.___
50.3989 28.4742 0.0
DUV__.TU.___
51.78 27.4491 0.0
DYBB_.KO.___
52.0463 40.1393 0.0
DYDN_.TU.___
50.4564 43.6889 0.0
EAK__.TU.___
49.3138 43.6069 0.0
EATA_.TU.___
50.1378 42.4916 0.0
EDC__.KO.___
49.6532 27.8633 0.0
EDRB_.KO.___
48.153 26.7437 0.0
EKAR_.TU.___
50.7441 42.064 0.0
EKIN_.YL.___
48.853 35.787 0.0
ELBA_.TU.___
48.8531 28.4307 0.0
ELDT_.TU.___
49.5103 33.4294 0.0
ELL__.KO.___
53.2517 29.9085 0.0
ELZG_.TU.___
51.5022 38.9844 0.0
ENEZ_.KO.___
49.2638 26.153 0.0
EPOS_.TU.___
48.4965 42.7279 0.0
ERBA_.TU.___
49.3186 36.7547 0.0
ERE__.TU.___
49.9547 28.8913 0.0
EREN_.KO.___
54.4708 34.1742 0.0
ERIK_.KO.___
49.3292 26.5132 0.0
ERMK_.TU.___
53.3586 32.9113 0.0
ERZN_.KO.___
50.4133 39.722 0.0
ESK__.TU.___
49.3931 28.9455 0.0
ESPY_.KO.___
51.2727 40.9167 0.0
EUZM_.TU.___
50.2927 39.6975 0.0
EZN__.KO.___
50.1733 26.3258 0.0
FETY_.KO.___
53.3647 29.0835 0.0
FRT__.TU.___
51.316 39.1976 0.0
GADA_.KO.___
49.8092 25.8987 0.0
GAZ__.KO.___
52.8278 37.2113 0.0
GAZI_.TU.___
53.7653 32.3157 0.0
GBZ__.TU.___
49.2134 29.4501 0.0
GBZX_.KO.___
49.22 29.45 0.0
GCAM_.TU.___
52.2998 27.2335 0.0
GDZ__.TU.___
50.9125 29.4814 0.0
GELI_.KO.___
49.602 26.4742 0.0
GEMT_.KO.___
49.565 29.189 0.0
GER__.TU.___
51.9678 39.035 0.0
GEVA_.TU.___
51.6878 43.0586 0.0
GLHS_.KO.___
52.844 29.4983 0.0
GOCE_.YL.___
50.257 34.348 0.0
GOLH_.TU.___
52.7635 29.5591 0.0
GONE_.KO.___
49.9533 27.686 0.0
GULE_.TU.___
52.7163 34.7765 0.0
GULT_.KO.___
49.568 30.515 0.0
GZY__.TU.___
53.513 36.154 0.0
HAKT_.TU.___
52.4421 43.7071 0.0
HAR__.TU.___
51.6589 28.7992 0.0
HAS__.TU.___
53.2281 36.465 0.0
HASA_.YL.___
48.531 33.565 0.0
HAVZ_.TU.___
48.9257 35.718 0.0
HCB__.TU.___
52.6562 36.908 0.0
HDMB_.KO.___
53.036 32.486 0.0
HOMI_.TU.___
49.9548 41.9055 0.0
HRTX_.KO.___
49.1783 29.668 0.0
IGD__.TU.___
49.7359 29.2015 0.0
IKL__.KO.___
53.7613 33.6852 0.0
ILGA_.TU.___
48.9479 33.7165 0.0
ILIC_.KO.___
50.548 38.5678 0.0
IMO__.TU.___
52.7077 35.6438 0.0
INCE_.YL.___
49.419 32.906 0.0
INSU_.YL.___
50.158 35.366 0.0
ISK__.KO.___
48.9343 29.0592 0.0
ISKB_.KO.___
48.94 29.06 0.0
ISKE_.YL.___
49.236 37.067 0.0
ISP__.KO.___
52.1773 30.5222 0.0
ISP__.GE.___
52.1567 30.5093 0.0
ISPR_.TU.___
49.5127 41.008 0.0
IZI__.KO.___
49.6632 29.4728 0.0
KAH__.TU.___
52.1947 38.6101 0.0
KAMA_.TU.___
52.8139 36.6677 0.0
KARA_.KO.___
52.7393 35.0547 0.0
KARA_.YL.___
49.312 35.245 0.0
KARG_.YL.___
49.709 33.552 0.0
KARS_.KO.___
49.3848 43.0937 0.0
KAST_.TU.___
48.5096 33.9286 0.0
KAVA_.YL.___
49.72 32.878 0.0
KCTX_.KO.___
49.7375 28.3353 0.0
KDHN_.TU.___
51.4791 32.1164 0.0
KDZE_.KO.___
48.6868 31.443 0.0
KELT_.TU.___
49.8514 39.2556 0.0
KEMA_.TU.___
50.7312 38.4932 0.0
KGAC_.YL.___
49.059 34.323 0.0
KHAL_.TU.___
51.6297 29.4917 0.0
KHM__.TU.___
52.4766 36.9909 0.0
KIYI_.YL.___
49.869 35.316 0.0
KIZIK.YL.___
49.952 36.536 0.0
KIZK_.TU.___
53.5197 34.1437 0.0
KKZ__.TU.___
48.8731 27.3448 0.0
KKZM_.TU.___
48.8731 27.3448 0.0
KLC__.TU.___
49.367 29.398 0.0
KLY__.KO.___
48.747 29.042 0.0
KLYT_.KO.___
48.747 29.042 0.0
KMR__.TU.___
49.582 27.069 0.0
KMRS_.KO.___
52.4947 36.9 0.0
KNL__.TU.___
49.7293 27.5261 0.0
KONT_.KO.___
52.0547 32.3605 0.0
KOPT_.TU.___
49.9821 40.4972 0.0
KORT_.TU.___
52.9993 30.3503 0.0
KOZT_.KO.___
52.5195 35.8268 0.0
KRB__.TU.___
51.8658 28.4235 0.0
KRBG_.KO.___
49.6068 27.2977 0.0
KRC__.TU.___
49.7375 28.3352 0.0
KRT__.TU.___
52.7405 36.2232 0.0
KRTS_.KO.___
53.427 35.375 0.0
KTT__.TU.___
51.3117 28.093 0.0
KTUT_.KO.___
49.013 39.7667 0.0
KULA_.KO.___
51.4855 28.6607 0.0
KUYL_.YL.___
48.41 34.332 0.0
KUZA_.YL.___
49.559 36.248 0.0
KUZO_.YL.___
49.096 32.861 0.0
KUZU_.TU.___
53.2265 37.075 0.0
KVK__.TU.___
49.4 26.9 0.0
KVT__.KO.___
48.9193 36.0463 0.0
KVTB_.KO.___
48.92 36.04 0.0
LADK_.KO.___
51.8 32.3648 0.0
LAP__.KO.___
49.6273 26.7602 0.0
LEF__.KO.___
54.8882 32.8433 0.0
LFK__.KO.___
54.7168 33.5337 0.0
LOD__.KO.___
50.1107 32.764 0.0
MACK_.TU.___
49.0568 39.7686 0.0
MADM_.TU.___
49.3463 27.6647 0.0
MALT_.KO.___
51.687 38.427 0.0
MALT_.GE.___
51.6866 38.4273 0.0
MANT_.TU.___
51.5092 28.5578 0.0
MARD_.TU.___
52.6868 40.7776 0.0
MAZI_.KO.___
52.5407 40.4467 0.0
MDN__.TU.___
51.6069 39.6821 0.0
MDNY_.KO.___
49.6292 28.8847 0.0
MDU__.KO.___
49.5347 31.2145 0.0
MERS_.KO.___
53.1322 34.522 0.0
MFTX_.KO.___
49.2133 27.2812 0.0
MLSB_.KO.___
52.7047 27.7765 0.0
MRMT_.KO.___
49.3942 27.5837 0.0
MRMX_.KO.___
49.3942 27.5837 0.0
MUS__.TU.___
51.2389 41.5039 0.0
NAR__.TU.___
52.6081 37.1574 0.0
NEV__.TU.___
50.046 27.263 0.0
NUR__.TU.___
52.8288 36.7569 0.0
OGUR_.YL.___
48.891 35.165 0.0
OLTU_.TU.___
49.4549 41.9725 0.0
PAL__.TU.___
51.3014 39.9176 0.0
PALU_.TU.___
51.3057 39.9293 0.0
PANC_.YL.___
49.353 34.301 0.0
PELI_.YL.___
48.887 34.299 0.0
PHSR_.KO.___
48.3692 27.5238 0.0
PINB_.TU.___
51.3231 36.4027 0.0
PTG__.TU.___
51.74 38.6088 0.0
PTK__.KO.___
51.1077 39.3923 0.0
PZAR_.KO.___
49.1012 41.178 0.0
REY__.TU.___
53.7403 36.5988 0.0
RKY__.KO.___
49.3125 27.1777 0.0
RSDY_.KO.___
49.6028 37.3273 0.0
SARI_.KO.___
51.5928 36.4182 0.0
SART_.TU.___
49.3111 27.18 0.0
SCER_.TU.___
50.1387 37.1286 0.0
SDU__.TU.___
52.5235 30.9996 0.0
SEMD_.KO.___
52.6527 44.5209 0.0
SEYH_.YL.___
49.144 32.9 0.0
SHUT_.KO.___
51.447 30.551 0.0
SIL__.KO.___
48.847 29.643 0.0
SILT_.KO.___
48.847 29.643 0.0
SIRN_.TU.___
52.5038 42.413 0.0
SIRT_.KO.___
52.499 42.4392 0.0
SLV__.TU.___
48.9269 28.1403 0.0
SLV__.KO.___
48.77 28.21 0.0
SLVT_.KO.___
48.77 28.21 0.0
SPNC_.KO.___
49.314 30.3083 0.0
SUL__.TU.___
51.9464 28.7676 0.0
SULT_.KO.___
51.8012 33.5157 0.0
SUSE_.TU.___
49.7914 38.2025 0.0
SUTC_.KO.___
52.5235 30.9997 0.0
SVAN_.KO.___
51.8488 41.1985 0.0
SVRC_.KO.___
51.6225 39.306 0.0
SVRH_.KO.___
50.553 31.5232 0.0
SVSK_.KO.___
50.0825 36.9925 0.0
SYUN_.YL.___
49.162 33.529 0.0
TAHT_.KO.___
53.633 36.186 0.0
TATV_.TU.___
51.42 42.2672 0.0
TEPE_.YL.___
48.631 35.743 0.0
TKR__.KO.___
49.0098 27.5357 0.0
TKTP_.TU.___
51.96 30.32 0.0
TOKA_.TU.___
49.6768 36.4783 0.0
TRNX_.KO.___
49.5 27.27 0.0
TURN_.TU.___
53.2247 28.2444 0.0
TUTA_.TU.___
50.5981 42.8137 0.0
TVAN_.TU.___
51.4759 43.4037 0.0
TVSB_.KO.___
50.5503 29.4615 0.0
URFA_.KO.___
52.559 38.8213 0.0
URLA_.TU.___
51.6398 26.5956 0.0
UZP__.TU.___
51.9687 29.1746 0.0
VANB_.KO.___
51.405 43.3888 0.0
VRTB_.KO.___
50.8397 41.456 0.0
YAK__.TU.___
51.485 27.3235 0.0
YAYL_.TU.___
53.9657 36.107 0.0
YEN__.TU.___
51.5942 27.9487 0.0
YER__.KO.___
52.8638 28.2858 0.0
YESI_.YL.___
49.595 37.229 0.0
YIKI_.YL.___
49.252 35.954 0.0
YLVX_.KO.___
49.4333 29.3728 0.0
YNC__.TU.___
52.1861 28.5726 0.0
YNK__.TU.___
49.1742 27.3967 0.0
YURE_.TU.___
53.1741 35.6324 0.0
ZEY__.TU.___
51.7611 26.5033 0.0
