624
TA.129A_.___
57.369100 -101.866200 0.0
TA.S29A_.___
52.380100 -101.118000 0.0
TA.536A_.___
59.924400 -97.065200 0.0
TA.K29A_.___
47.238800 -100.318200 0.0
TA.W12A_.___
54.699000 -114.870100 0.0
TA.H13A_.___
45.435800 -114.254500 0.0
TA.V18A_.___
54.288700 -109.932700 0.0
TA.U14A_.___
53.581800 -113.180500 0.0
TA.L12A_.___
47.854000 -115.016200 0.0
TA.J21A_.___
46.654100 -107.445900 0.0
TA.V20A_.___
54.200800 -108.466200 0.0
TA.Q12A_.___
50.960000 -114.829900 0.0
TA.134A_.___
57.427100 -98.079500 0.0
TA.M13A_.___
48.639800 -114.165500 0.0
TA.122A_.___
57.300500 -107.000500 0.0
TA.Q32A_.___
51.009200 -98.559600 0.0
TA.224A_.___
57.924000 -105.522600 0.0
TA.S18A_.___
52.309700 -109.994800 0.0
TA.M34A_.___
48.497500 -96.583000 0.0
TA.P30A_.___
50.455800 -100.246800 0.0
TA.116A_.___
57.438200 -111.704200 0.0
TA.R23A_.___
51.809300 -105.826400 0.0
TA.Y31A_.___
56.037100 -100.261500 0.0
TA.R33A_.___
51.691900 -97.984200 0.0
TA.Y28A_.___
56.091400 -102.247900 0.0
TA.S20A_.___
52.170000 -108.360500 0.0
TA.333A_.___
58.675100 -98.984100 0.0
TA.Z32A_.___
56.693400 -99.478300 0.0
TA.119A_.___
57.233700 -109.302900 0.0
TA.W23A_.___
54.839500 -106.150300 0.0
TA.Z29A_.___
56.740500 -101.706200 0.0
TA.537A_.___
59.920100 -96.315500 0.0
TA.P15A_.___
50.429200 -112.278600 0.0
TA.M30A_.___
48.462900 -99.872300 0.0
TA.M23A_.___
48.532000 -105.722100 0.0
TA.N18A_.___
49.023700 -109.673100 0.0
TA.L25A_.___
47.845200 -103.965700 0.0
TA.W27A_.___
54.936300 -103.062700 0.0
TA.L31A_.___
47.824000 -98.838700 0.0
TA.M15A_.___
48.536800 -112.447700 0.0
TA.Q30A_.___
51.022800 -100.220700 0.0
TA.Z22A_.___
56.744500 -106.963900 0.0
TA.U31A_.___
53.630500 -99.850800 0.0
TA.P16A_.___
50.390800 -111.659500 0.0
TA.M09A_.___
48.577000 -117.449700 0.0
TA.P27A_.___
50.444100 -102.578200 0.0
TA.U25A_.___
53.600200 -104.408100 0.0
TA.329A_.___
58.513000 -101.980800 0.0
TA.R10A_.___
51.711400 -116.302100 0.0
TA.W18A_.___
54.881900 -109.735700 0.0
TA.S11A_.___
52.355600 -115.747200 0.0
TA.I07A_.___
45.918000 -119.504200 0.0
TA.Y23A_.___
56.068500 -106.054900 0.0
TA.X22A_.___
55.494200 -107.010200 0.0
TA.W19A_.___
54.888200 -109.387900 0.0
TA.K18A_.___
47.362800 -110.041700 0.0
TA.H25A_.___
45.378500 -103.598100 0.0
TA.V11A_.___
54.161600 -115.430500 0.0
TA.L22A_.___
47.969000 -106.433800 0.0
TA.V34A_.___
54.165500 -97.517600 0.0
TA.Z13A_.___
56.800100 -113.656800 0.0
TA.N13A_.___
49.144400 -114.204500 0.0
TA.Q15A_.___
51.000500 -112.379300 0.0
TA.833A_.___
61.676400 -99.393900 0.0
TA.K27A_.___
47.296400 -102.236400 0.0
TA.X30A_.___
55.553900 -100.874000 0.0
TA.O32A_.___
49.739000 -98.276400 0.0
TA.T24A_.___
52.926200 -105.052100 0.0
TA.223A_.___
57.993800 -106.427600 0.0
TA.Y30A_.___
56.123400 -100.897800 0.0
TA.S24A_.___
52.359300 -105.212600 0.0
TA.T36A_.___
52.939500 -95.878900 0.0
TA.233A_.___
57.982100 -98.899800 0.0
TA.320A_.___
58.663100 -108.528400 0.0
TA.I25A_.___
45.980400 -103.732400 0.0
TA.M27A_.___
48.471900 -102.387200 0.0
TA.O17A_.___
49.805200 -110.737800 0.0
TA.139A_.___
57.320500 -94.392700 0.0
TA.P19A_.___
50.366700 -108.981200 0.0
TA.R30A_.___
51.715600 -100.276900 0.0
TA.O07A_.___
49.838600 -118.877200 0.0
TA.435B_.___
59.217300 -97.585000 0.0
TA.H07A_.___
45.408700 -119.564600 0.0
TA.R17A_.___
51.581300 -110.710900 0.0
TA.S25A_.___
52.339400 -104.434900 0.0
TA.H17A_.___
45.604900 -110.576200 0.0
TA.S15A_.___
52.323900 -112.362700 0.0
TA.R09A_.___
51.760300 -117.071800 0.0
TA.U29A_.___
53.548100 -101.270200 0.0
TA.737A_.___
61.236100 -96.440200 0.0
TA.Y14A_.___
56.061700 -113.004800 0.0
TA.KSCO_.___
50.988800 -102.627300 0.0
TA.V26A_.___
54.203600 -103.786000 0.0
TA.U18A_.___
53.580100 -109.869600 0.0
TA.J15A_.___
46.600200 -112.433400 0.0
TA.P12A_.___
50.526900 -114.907500 0.0
TA.V25A_.___
54.161700 -104.616400 0.0
TA.130A_.___
57.403900 -100.965200 0.0
TA.J25A_.___
46.609900 -103.802600 0.0
TA.M20A_.___
48.509400 -108.186500 0.0
TA.531A_.___
59.835500 -100.546400 0.0
TA.Z33A_.___
56.713500 -98.764800 0.0
TA.N35A_.___
49.138800 -95.642500 0.0
TA.Q37A_.___
51.123700 -94.452200 0.0
TA.112A_.___
57.464400 -114.580400 0.0
TA.J07A_.___
46.626400 -119.310500 0.0
TA.433A_.___
59.245600 -99.091000 0.0
TA.M29A_.___
48.555900 -100.689200 0.0
TA.R27A_.___
51.714100 -102.798000 0.0
TA.O10A_.___
49.708300 -116.499900 0.0
TA.T06C_.___
52.993100 -119.708900 0.0
TA.R37A_.___
51.686700 -94.829400 0.0
TA.318A_.___
58.561000 -109.990700 0.0
TA.Y24A_.___
56.074300 -105.436100 0.0
TA.438A_.___
59.250000 -95.474100 0.0
TA.337A_.___
58.684100 -95.885400 0.0
TA.M07A_.___
48.611600 -119.171100 0.0
TA.P29A_.___
50.397900 -100.931600 0.0
TA.115A_.___
57.299400 -112.227900 0.0
TA.P35A_.___
50.471400 -96.018800 0.0
TA.I21A_.___
46.187800 -107.292000 0.0
TA.035Z_.___
63.537000 -98.068300 0.0
TA.H20A_.___
45.513200 -107.999000 0.0
TA.V12A_.___
54.273400 -114.851100 0.0
TA.Q18A_.___
50.897500 -110.132800 0.0
TA.L21A_.___
48.035900 -107.369500 0.0
TA.X16A_.___
55.582200 -111.441100 0.0
TA.S32A_.___
52.299900 -98.936300 0.0
TA.Z14A_.___
56.637300 -112.945800 0.0
TA.I18A_.___
46.298700 -109.817100 0.0
TA.W33A_.___
54.848200 -98.468600 0.0
TA.Z26A_.___
56.728400 -103.979800 0.0
TA.834A_.___
61.874900 -98.551900 0.0
TA.035A_.___
63.062100 -98.102300 0.0
TA.K12A_.___
47.364000 -114.902900 0.0
TA.T33A_.___
52.917600 -98.244400 0.0
TA.627A_.___
60.547200 -103.388700 0.0
TA.V35A_.___
54.237400 -96.837800 0.0
TA.637A_.___
60.561000 -96.332400 0.0
TA.S35A_.___
52.317900 -96.319000 0.0
TA.W15A_.___
54.821300 -112.266600 0.0
TA.O20A_.___
49.865200 -108.241600 0.0
TA.O31A_.___
49.847900 -99.326100 0.0
TA.L07A_.___
47.981300 -119.339800 0.0
TA.U13A_.___
53.584900 -113.965300 0.0
TA.V15A_.___
54.180900 -112.173100 0.0
TA.R15A_.___
51.789200 -112.276700 0.0
TA.L17A_.___
47.900500 -110.872700 0.0
TA.N07A_.___
49.227900 -118.971600 0.0
TA.N07B_.___
49.220300 -118.971100 0.0
TA.H29A_.___
45.373900 -100.212500 0.0
TA.N17A_.___
49.057500 -110.833500 0.0
TA.Q11A_.___
51.154500 -115.654100 0.0
TA.137A_.___
57.402700 -95.755900 0.0
TA.K23A_.___
47.245400 -105.625100 0.0
TA.Y22D_.___
55.926100 -106.921000 0.0
TA.217A_.___
58.225200 -110.816200 0.0
TA.538A_.___
59.778100 -95.490000 0.0
TA.227A_.___
57.988000 -103.292400 0.0
TA.HELL_.___
53.319900 -119.022800 0.0
TA.H19A_.___
45.329600 -108.985700 0.0
TA.L18A_.___
48.075700 -110.036400 0.0
TA.237A_.___
57.998500 -95.808400 0.0
TA.X36A_.___
55.429600 -96.352000 0.0
TA.738A_.___
61.159600 -95.648100 0.0
TA.Y19A_.___
56.042900 -109.254100 0.0
TA.O25A_.___
49.887100 -104.120100 0.0
TA.R18A_.___
51.613800 -109.894200 0.0
TA.T14A_.___
52.938500 -113.084000 0.0
TA.Q24A_.___
51.035900 -105.149200 0.0
TA.O13A_.___
49.868600 -113.981400 0.0
TA.V24A_.___
54.274100 -105.271600 0.0
TA.J18A_.___
46.788800 -110.020000 0.0
TA.R22A_.___
51.771100 -106.756100 0.0
TA.Z35A_.___
56.669200 -97.253000 0.0
TA.R34A_.___
51.699200 -97.247000 0.0
TA.230A_.___
58.112200 -101.112400 0.0
TA.934A_.___
62.398200 -98.519200 0.0
TA.Y29A_.___
56.139800 -101.671200 0.0
TA.MSTX_.___
56.030400 -102.772400 0.0
TA.S21A_.___
52.338000 -107.791700 0.0
TA.118A_.___
57.360100 -109.969700 0.0
TA.332A_.___
58.617100 -99.742300 0.0
TA.R29A_.___
51.575700 -101.138300 0.0
TA.R14A_.___
51.701300 -113.021300 0.0
TA.J11A_.___
46.584900 -115.827800 0.0
TA.733A_.___
61.280800 -99.293900 0.0
TA.P36A_.___
50.379600 -95.206000 0.0
TA.J29A_.___
46.593900 -100.325300 0.0
TA.M24A_.___
48.532400 -104.824800 0.0
TA.N25A_.___
49.186800 -104.087300 0.0
TA.K11A_.___
47.228700 -116.032300 0.0
TA.X26A_.___
55.449200 -103.810300 0.0
TA.I13A_.___
46.085400 -114.116900 0.0
TA.O30A_.___
49.820900 -100.057100 0.0
TA.427A_.___
59.150200 -103.401800 0.0
TA.N31A_.___
49.176500 -98.954400 0.0
TA.Q33A_.___
51.001800 -97.832700 0.0
TA.325A_.___
58.628900 -104.971200 0.0
TA.M10A_.___
48.478000 -116.539600 0.0
TA.437A_.___
59.170800 -96.138600 0.0
TA.239A_.___
57.982100 -94.470700 0.0
TA.N26A_.___
49.171100 -103.222100 0.0
TA.X18A_.___
55.470700 -109.950100 0.0
TA.Y20A_.___
56.091500 -108.376900 0.0
TA.X21A_.___
55.554300 -107.785700 0.0
TA.Y34A_.___
56.042600 -97.757300 0.0
TA.X32A_.___
55.578600 -99.285400 0.0
TA.U34A_.___
53.563500 -97.535400 0.0
TA.H24A_.___
45.252700 -104.552400 0.0
TA.L14A_.___
47.965700 -113.239800 0.0
TA.626A_.___
60.446000 -104.133500 0.0
TA.S36A_.___
52.276000 -95.592300 0.0
TA.N10A_.___
49.281400 -116.508000 0.0
TA.Q14A_.___
51.011800 -113.276900 0.0
TA.K24A_.___
47.277500 -104.815200 0.0
TA.218A_.___
58.026300 -110.046400 0.0
TA.N27A_.___
49.193700 -102.536700 0.0
TA.124A_.___
57.299900 -105.454400 0.0
TA.T27A_.___
52.938600 -102.721400 0.0
TA.K16A_.___
47.167900 -111.588400 0.0
TA.222A_.___
57.895400 -107.101300 0.0
TA.Z39A_.___
56.758200 -94.182200 0.0
TA.T37A_.___
52.877000 -94.917600 0.0
TA.234A_.___
57.996000 -98.136800 0.0
TA.S08C_.___
52.500700 -118.171100 0.0
TA.I26A_.___
45.969100 -102.859600 0.0
TA.J10A_.___
46.572500 -116.767000 0.0
TA.633A_.___
60.540900 -99.176600 0.0
TA.X31A_.___
55.369100 -99.979300 0.0
TA.535A_.___
59.971000 -97.571100 0.0
TA.S26A_.___
52.378400 -103.471100 0.0
TA.H14A_.___
45.383500 -113.367400 0.0
TA.W21A_.___
54.883000 -107.647600 0.0
TA.S10A_.___
52.077000 -116.594800 0.0
TA.L13A_.___
47.911400 -113.944400 0.0
TA.S06C_.___
52.118300 -119.848800 0.0
TA.U17A_.___
53.400400 -110.662400 0.0
TA.J16A_.___
46.725900 -111.611900 0.0
TA.V19A_.___
54.285300 -109.045600 0.0
TA.133A_.___
57.391700 -98.916200 0.0
TA.J20A_.___
46.646900 -108.084200 0.0
TA.H09A_.___
45.334700 -117.664300 0.0
TA.123A_.___
57.365100 -106.262200 0.0
TA.W37A_.___
54.862000 -95.426900 0.0
TA.Q36A_.___
51.038800 -95.460900 0.0
TA.430A_.___
59.213400 -101.236200 0.0
TA.Q20A_.___
51.045900 -108.295600 0.0
TA.P21A_.___
50.476000 -107.449300 0.0
TA.R26A_.___
51.699100 -103.447000 0.0
TA.P17A_.___
50.527000 -110.740000 0.0
TA.KMSC_.___
54.858000 -81.333300 0.0
TA.T11A_.___
52.759200 -115.220200 0.0
TA.W25A_.___
54.782300 -104.460600 0.0
TA.340A_.___
58.583300 -93.889600 0.0
TA.Y25A_.___
56.077100 -104.692800 0.0
TA.336A_.___
58.613000 -96.844300 0.0
TA.P28A_.___
50.426800 -101.754800 0.0
TA.P32A_.___
50.377700 -98.601100 0.0
TA.114A_.___
57.248700 -112.883000 0.0
TA.126A_.___
57.353800 -104.020400 0.0
TA.L24A_.___
47.956800 -104.932600 0.0
TA.S31A_.___
52.380700 -99.484500 0.0
TA.W38A_.___
54.929600 -94.518400 0.0
TA.Z28A_.___
56.711600 -102.386600 0.0
TA.O08A_.___
49.709700 -118.155000 0.0
TA.Z31A_.___
56.681700 -100.143500 0.0
TA.N19A_.___
49.106400 -109.177200 0.0
TA.229A_.___
58.032900 -101.810700 0.0
TA.M14A_.___
48.497000 -113.347100 0.0
TA.P26A_.___
50.439800 -103.346500 0.0
TA.R12A_.___
51.671900 -114.607600 0.0
TA.U26A_.___
53.605500 -103.743900 0.0
TA.634A_.___
60.618500 -98.351500 0.0
TA.T18A_.___
52.863600 -109.874100 0.0
TA.W28A_.___
54.742600 -102.206300 0.0
TA.X25A_.___
55.472900 -104.662100 0.0
TA.439A_.___
59.206300 -94.766000 0.0
TA.I16A_.___
46.124400 -111.486800 0.0
TA.O06A_.___
49.835000 -119.827500 0.0
TA.530A_.___
59.851100 -101.337900 0.0
TA.Z15A_.___
56.710700 -112.158100 0.0
TA.526A_.___
59.939100 -104.089800 0.0
TA.H11A_.___
45.296500 -116.012700 0.0
TA.S13A_.___
52.419200 -113.860400 0.0
TA.L10A_.___
47.922700 -116.471100 0.0
TA.W14A_.___
54.787300 -113.083400 0.0
TA.127A_.___
57.323600 -103.357500 0.0
TA.H28A_.___
45.324900 -101.020600 0.0
TA.U12A_.___
53.567900 -114.538800 0.0
TA.Q10A_.___
51.175300 -116.399900 0.0
TA.L29A_.___
47.935900 -100.477900 0.0
TA.J23A_.___
46.596400 -105.552400 0.0
TA.N06A_.___
49.251600 -119.834600 0.0
TA.120A_.___
57.453400 -108.633000 0.0
TA.X13A_.___
55.406500 -113.830200 0.0
TA.N14A_.___
49.148700 -113.186700 0.0
TA.226A_.___
57.938200 -104.101400 0.0
TA.226B_.___
57.922200 -104.165400 0.0
TA.K20A_.___
47.342100 -108.341800 0.0
TA.O35A_.___
49.733500 -95.909700 0.0
TA.L19A_.___
47.898800 -109.357500 0.0
TA.T23A_.___
52.963900 -106.037200 0.0
TA.X37A_.___
55.410800 -95.371300 0.0
TA.M19A_.___
48.495300 -109.156900 0.0
TA.U28A_.___
53.620700 -102.224300 0.0
TA.138A_.___
57.339600 -95.088700 0.0
TA.R31A_.___
51.711200 -99.527100 0.0
TA.M28A_.___
48.604400 -101.371500 0.0
TA.V30A_.___
54.237700 -100.689200 0.0
TA.S14A_.___
52.239900 -113.168400 0.0
TA.R08A_.___
51.651100 -118.106400 0.0
TA.Y17A_.___
56.304700 -110.844400 0.0
TA.Z21A_.___
56.691400 -107.671200 0.0
TA.J08A_.___
46.642000 -118.474300 0.0
TA.331A_.___
58.691500 -100.426600 0.0
TA.S16A_.___
52.277800 -111.596100 0.0
TA.J12A_.___
46.750000 -115.098000 0.0
TA.O21A_.___
49.785100 -107.470500 0.0
TA.736A_.___
61.045000 -97.067300 0.0
TA.J24A_.___
46.669500 -104.661300 0.0
TA.M21A_.___
48.393300 -107.363500 0.0
TA.N21A_.___
49.240000 -107.519600 0.0
TA.P13A_.___
50.545000 -114.015600 0.0
TA.Q08A_.___
51.139400 -117.931600 0.0
TA.I12A_.___
46.205500 -115.132800 0.0
TA.W35A_.___
54.847300 -96.874500 0.0
TA.I08A_.___
46.089600 -118.569200 0.0
TA.O19A_.___
49.701800 -109.123600 0.0
TA.X29A_.___
55.554800 -101.700800 0.0
TA.N24A_.___
49.172900 -104.882400 0.0
TA.P25A_.___
50.487500 -104.168000 0.0
TA.P31A_.___
50.478900 -99.378300 0.0
TA.N32A_.___
49.236100 -98.295500 0.0
TA.426A_.___
59.331100 -104.029300 0.0
TA.434A_.___
59.185800 -98.269000 0.0
TA.U33A_.___
53.567300 -98.113500 0.0
TA.X19A_.___
55.572500 -109.290100 0.0
TA.R11A_.___
51.651100 -115.585400 0.0
TA.U23A_.___
53.671100 -106.191900 0.0
TA.Y33A_.___
55.991900 -98.625600 0.0
TA.Y21A_.___
55.991300 -107.674000 0.0
TA.W24A_.___
54.789400 -105.407500 0.0
TA.X20A_.___
55.457900 -108.498000 0.0
TA.I15A_.___
46.000300 -112.485000 0.0
TA.S34A_.___
52.299100 -97.111100 0.0
TA.429A_.___
59.375200 -101.893800 0.0
TA.H23A_.___
45.438000 -105.400700 0.0
TA.V13A_.___
54.147800 -113.984000 0.0
TA.Z30A_.___
56.713900 -101.128200 0.0
TA.L20A_.___
47.992700 -108.339800 0.0
TA.N09A_.___
49.148000 -117.524400 0.0
TA.X17A_.___
55.662900 -110.805800 0.0
TA.I22A_.___
46.107600 -106.484000 0.0
TA.O26A_.___
49.757800 -103.312800 0.0
TA.Z25A_.___
56.720300 -104.717100 0.0
TA.528A_.___
59.838500 -102.788000 0.0
TA.835A_.___
61.713000 -97.829700 0.0
TA.T30A_.___
52.947400 -100.527400 0.0
TA.U30A_.___
53.469600 -100.650900 0.0
TA.W22A_.___
54.928100 -106.867400 0.0
TA.231A_.___
58.064700 -100.316300 0.0
TA.W32A_.___
54.876200 -99.245800 0.0
TA.T15A_.___
52.981700 -112.382400 0.0
TA.O18A_.___
49.734500 -110.008200 0.0
TA.V29A_.___
54.126600 -101.520900 0.0
TA.J28A_.___
46.576100 -101.235900 0.0
TA.534A_.___
59.971600 -98.475300 0.0
TA.S27A_.___
52.316300 -102.898200 0.0
TA.H15A_.___
45.382700 -112.643900 0.0
TA.S17A_.___
52.364600 -110.801800 0.0
TA.326A_.___
58.683500 -103.978600 0.0
TA.R07C_.___
51.911000 -119.046900 0.0
TA.X34A_.___
55.399000 -97.832600 0.0
TA.W36A_.___
54.860700 -96.226400 0.0
TA.U16A_.___
53.857200 -111.129700 0.0
TA.J17A_.___
46.637100 -110.711800 0.0
TA.735A_.___
61.144700 -97.808100 0.0
TA.Y32A_.___
55.996400 -99.442000 0.0
TA.J27A_.___
46.747400 -102.006900 0.0
TA.X35A_.___
55.600500 -96.973100 0.0
TA.P10A_.___
50.379800 -116.463900 0.0
TA.Z18A_.___
56.914900 -110.036200 0.0
TA.533A_.___
59.928200 -99.035100 0.0
TA.O28A_.___
49.873800 -101.773500 0.0
TA.Y18A_.___
56.222400 -110.034100 0.0
TA.R19A_.___
51.708400 -109.260700 0.0
TA.Q25A_.___
51.085500 -104.247200 0.0
TA.R21A_.___
51.631500 -107.550100 0.0
TA.O12A_.___
49.732100 -114.745400 0.0
TA.J19A_.___
46.735100 -109.053100 0.0
TA.T16A_.___
53.016100 -111.506000 0.0
TA.R35A_.___
51.676900 -96.198800 0.0
TA.933A_.___
62.386700 -99.274600 0.0
TA.P08A_.___
50.305400 -118.080000 0.0
TA.335A_.___
58.718100 -97.427100 0.0
TA.W29A_.___
54.878800 -101.647600 0.0
TA.M31A_.___
48.656000 -98.976600 0.0
TA.732A_.___
61.270800 -99.970700 0.0
TA.Y13A_.___
56.185800 -113.828700 0.0
TA.M25A_.___
48.565300 -104.055100 0.0
TA.P07A_.___
50.460100 -118.889300 0.0
TA.R28A_.___
51.657700 -101.810600 0.0
TA.L27A_.___
47.916300 -102.315400 0.0
TA.X14A_.___
55.530800 -112.890600 0.0
TA.S30A_.___
52.359800 -100.464000 0.0
TA.I27A_.___
45.931000 -102.052500 0.0
TA.O33A_.___
49.924500 -97.584500 0.0
TA.W31A_.___
54.813600 -99.943500 0.0
TA.Z16A_.___
56.659000 -111.427300 0.0
TA.T29A_.___
52.843500 -101.294200 0.0
TA.K10A_.___
47.222100 -116.870500 0.0
TA.M17A_.___
48.527100 -110.666400 0.0
TA.228A_.___
57.882000 -102.591800 0.0
TA.Q28A_.___
50.937700 -101.830900 0.0
TA.I28A_.___
46.000400 -101.169200 0.0
TA.U27A_.___
53.578700 -102.824600 0.0
TA.635A_.___
60.612300 -97.773600 0.0
TA.X33A_.___
55.459000 -98.500600 0.0
TA.L09A_.___
47.980800 -117.666700 0.0
TA.V17A_.___
54.378200 -110.793800 0.0
TA.I30A_.___
46.085700 -99.426200 0.0
TA.L15A_.___
47.995900 -112.386000 0.0
TA.W17A_.___
54.921100 -110.712700 0.0
TA.H27A_.___
45.367100 -102.077500 0.0
TA.U11A_.___
53.577000 -115.383500 0.0
TA.BRSD_.___
45.557000 -98.956300 0.0
TA.Q07A_.___
51.061700 -118.807800 0.0
TA.219A_.___
58.001100 -109.259200 0.0
TA.125A_.___
57.341200 -104.657300 0.0
TA.J30A_.___
46.675200 -99.492200 0.0
TA.N11A_.___
49.183300 -115.736000 0.0
TA.221A_.___
57.990600 -107.778200 0.0
TA.N29A_.___
49.181100 -100.626400 0.0
TA.K25A_.___
47.388000 -103.870500 0.0
TA.K15A_.___
47.314800 -112.530500 0.0
TA.T26A_.___
52.825300 -103.593300 0.0
TA.T34A_.___
52.977800 -97.188300 0.0
TA.K17A_.___
47.249300 -110.920100 0.0
TA.O15A_.___
49.719300 -112.469400 0.0
TA.W20A_.___
54.874100 -108.500100 0.0
TA.238A_.___
57.996600 -95.120300 0.0
TA.R32A_.___
51.577500 -98.711100 0.0
TA.TUL1_.___
54.089600 -95.791900 0.0
TA.936A_.___
62.579200 -97.309100 3.0
TA.V32A_.___
54.279800 -99.043700 0.0
TA.V31A_.___
54.226100 -99.842500 0.0
TA.T24B_.___
52.937600 -105.381700 0.0
TA.330A_.___
58.593700 -101.175200 0.0
TA.J13A_.___
46.602100 -114.174200 0.0
TA.Y16A_.___
56.120200 -111.478300 0.0
TA.M22A_.___
48.596700 -106.595800 0.0
TA.K07A_.___
47.308800 -119.246900 0.0
TA.P14A_.___
50.409400 -113.068700 0.0
TA.Q35A_.___
51.141400 -96.036800 0.0
TA.O09A_.___
49.830300 -117.189900 0.0
TA.Q21A_.___
51.165300 -107.573800 0.0
TA.P20A_.___
50.500200 -108.391200 0.0
TA.425A_.___
59.213800 -104.985700 0.0
TA.431A_.___
59.317600 -100.607900 0.0
TA.R25A_.___
51.852600 -104.283400 0.0
TA.U20A_.___
53.624200 -108.520400 0.0
TA.V33A_.___
54.179100 -98.286200 0.0
TA.T12A_.___
53.274400 -114.714700 0.0
TA.R13A_.___
51.819800 -113.969100 0.0
TA.Y26A_.___
56.076800 -103.824600 0.0
TA.632A_.___
60.492900 -99.786300 0.0
TA.117A_.___
57.428400 -110.739300 0.0
TA.P33A_.___
50.563700 -97.694600 0.0
TA.339A_.___
58.666900 -94.556000 0.0
TA.N08A_.___
49.218900 -118.133700 0.0
TA.I23A_.___
46.039500 -105.462900 0.0
TA.H22A_.___
45.405700 -106.352100 0.0
TA.U22A_.___
53.622700 -106.854600 0.0
TA.L23A_.___
47.885700 -105.701200 0.0
TA.N12A_.___
49.147800 -115.038700 0.0
TA.ABTX_.___
57.376200 -99.643100 0.0
TA.832A_.___
61.715600 -99.974300 0.0
TA.Z24A_.___
56.670200 -105.364900 0.0
TA.529A_.___
59.875400 -102.220400 0.0
TA.K26A_.___
47.298400 -103.178300 0.0
TA.232A_.___
58.112000 -99.646900 0.0
TA.631A_.___
60.587700 -100.575900 0.0
TA.T31A_.___
52.902300 -99.677100 0.0
TA.I24A_.___
46.140600 -104.626300 0.0
TA.M18A_.___
48.572800 -110.067400 0.0
TA.128A_.___
57.378700 -102.485000 0.0
TA.S28A_.___
52.410100 -101.897900 0.0
TA.H12A_.___
45.450600 -114.855400 0.0
TA.527A_.___
59.854400 -103.611900 0.0
TA.K28A_.___
47.286400 -101.366500 0.0
TA.S12A_.___
52.391700 -114.848900 0.0
TA.L11A_.___
47.833100 -115.754100 0.0
TA.W13A_.___
54.901000 -113.885400 0.0
TA.V27A_.___
54.243100 -102.836100 0.0
TA.U15A_.___
53.572000 -112.291500 0.0
TA.Z37A_.___
56.801900 -95.622900 0.0
TA.135A_.___
57.442700 -97.409900 0.0
TA.L28A_.___
47.992700 -101.519600 0.0
TA.J22A_.___
46.587400 -106.478500 0.0
TA.121A_.___
57.467600 -107.785100 0.0
TA.N15A_.___
49.109700 -112.520100 0.0
TA.Q13A_.___
51.044900 -114.020200 0.0
TA.S19A_.___
52.254100 -109.136600 0.0
TA.K21A_.___
47.366800 -107.251000 0.0
TA.K19A_.___
47.175300 -108.846600 0.0
TA.T22A_.___
52.986200 -106.903000 0.0
TA.225A_.___
57.889900 -104.822900 0.0
TA.Q26A_.___
51.076600 -103.519500 0.0
TA.N34A_.___
49.162200 -96.500500 0.0
TA.113A_.___
57.231700 -113.766700 0.0
TA.432A_.___
59.124500 -99.793700 0.0
TA.O29A_.___
49.874700 -100.797700 0.0
TA.319A_.___
58.624300 -109.280900 0.0
TA.R20A_.___
51.811200 -108.379200 0.0
TA.R36A_.___
51.676300 -95.504000 0.0
TA.O16A_.___
49.793300 -111.502400 0.0
TA.334A_.___
58.667500 -98.237900 0.0
TA.P34A_.___
50.452900 -96.826800 0.0
TA.Y12C_.___
56.249700 -114.523800 0.0
TA.TIGA_.___
58.561100 -83.589800 0.0
TA.Z20A_.___
56.886800 -108.592200 0.0
TA.L30A_.___
48.050800 -99.719600 0.0
TA.W34A_.___
54.764800 -97.773300 0.0
TA.O27A_.___
49.810000 -102.479400 0.0
TA.Z34A_.___
56.628800 -97.915800 0.0
TA.W26A_.___
54.910900 -103.765600 0.0
TA.X28A_.___
55.481500 -102.197300 0.0
TA.Q09A_.___
51.166000 -117.181600 0.0
TA.P24A_.___
50.485600 -104.908200 0.0
TA.Q31A_.___
50.995200 -99.395000 0.0
TA.Z23A_.___
56.737900 -106.231900 0.0
TA.M12A_.___
48.584300 -114.915100 0.0
TA.435A_.___
59.217000 -97.585100 0.0
TA.M08A_.___
48.551700 -118.379200 0.0
TA.U32A_.___
53.620500 -99.001400 0.0
TA.U24A_.___
53.590700 -105.278400 0.0
TA.328A_.___
58.618200 -102.809700 0.0
TA.V23A_.___
54.254800 -106.183300 0.0
TA.X23A_.___
55.419000 -106.188100 0.0
TA.I14A_.___
46.071400 -113.451800 0.0
TA.428A_.___
59.273700 -102.684700 0.0
TA.Y22A_.___
56.063000 -106.965200 0.0
TA.Y22C_.___
55.925900 -106.921100 0.0
TA.Z17A_.___
56.703100 -110.472300 0.0
TA.L08A_.___
47.809900 -118.344500 0.0
TA.L16A_.___
47.985100 -111.431900 0.0
TA.W16A_.___
54.904900 -111.531800 0.0
TA.327A_.___
58.630900 -103.492300 0.0
TA.H26A_.___
45.383200 -102.773900 0.0
TA.V14A_.___
54.366100 -113.105300 0.0
TA.U10A_.___
53.580700 -116.329700 0.0
TA.Z27A_.___
56.685000 -103.214500 0.0
TA.539A_.___
59.891600 -94.723600 0.0
TA.N16A_.___
49.113100 -111.437000 0.0
TA.Q16A_.___
51.082400 -111.171600 0.0
TA.K22A_.___
47.349300 -106.524000 0.0
TA.N28A_.___
49.312700 -101.540600 0.0
TA.216A_.___
57.997800 -111.457400 0.0
TA.T21A_.___
53.008600 -107.534200 0.0
TA.K14A_.___
47.454800 -113.176000 0.0
TA.H18A_.___
45.323100 -109.664100 0.0
TA.220A_.___
58.095900 -108.526600 0.0
TA.T35A_.___
53.083900 -96.512100 0.0
TA.236A_.___
58.000300 -96.531000 0.0
TA.V28A_.___
54.249500 -102.224300 0.0
TA.M26A_.___
48.533900 -103.142700 0.0
TA.540A_.___
59.790700 -93.979600 0.0
TA.BGNE_.___
48.591700 -98.150200 0.0
TA.P18A_.___
50.372100 -110.245700 0.0
TA.R06C_.___
51.477400 -119.450900 0.0
TA.628A_.___
60.513800 -102.888500 0.0
TA.R16A_.___
51.715700 -111.482700 0.0
TA.X24A_.___
55.435400 -105.434900 0.0
TA.H16A_.___
45.296200 -111.247800 0.0
TA.WHTX_.___
58.008700 -97.456100 0.0
TA.J14A_.___
46.676600 -113.517800 0.0
TA.734A_.___
61.152700 -98.557600 0.0
TA.Y15A_.___
56.046500 -112.333100 0.0
TA.J26A_.___
46.687400 -103.075200 0.0
TA.O36A_.___
49.868500 -94.964500 0.0
TA.109C_.___
57.111100 -117.105100 0.0
TA.U19A_.___
53.707500 -109.207600 0.0
TA.K30A_.___
47.325800 -99.613100 0.0
TA.324A_.___
58.557500 -105.482800 0.0
TA.131A_.___
57.326300 -100.388800 0.0
TA.P11A_.___
50.447000 -115.753600 0.0
TA.O11A_.___
49.868700 -115.657000 0.0
TA.Z19A_.___
56.707900 -109.265700 0.0
TA.532A_.___
59.872200 -99.904900 0.0
TA.X27A_.___
55.353100 -103.097400 0.0
TA.440A_.___
59.254400 -93.958700 0.0
TA.O24A_.___
49.877300 -105.072900 0.0
TA.N30A_.___
49.204300 -100.100100 0.0
TA.M11A_.___
48.568900 -115.791200 0.0
TA.Q34A_.___
51.078600 -96.940800 0.0
TA.436A_.___
59.229800 -96.796000 0.0
TA.Q22A_.___
51.137300 -106.909600 0.0
TA.R24A_.___
51.768500 -105.107500 0.0
TA.U21A_.___
53.572300 -107.657800 0.0
TA.T13A_.___
52.980500 -113.907300 0.0
TA.V21A_.___
54.194600 -107.637800 0.0
TA.Z38A_.___
56.750100 -94.985100 0.0
TA.Y27A_.___
56.116100 -103.163300 0.0
TA.T17A_.___
53.003100 -110.804100 0.0
TA.338A_.___
58.643300 -95.310600 0.0
TA.S33A_.___
52.406400 -98.001600 0.0
TA.X15A_.___
55.513400 -112.236800 0.0
TA.I20A_.___
46.050400 -108.128300 0.0
TA.H21A_.___
45.372300 -107.042300 0.0
TA.W30A_.___
54.818200 -100.577000 0.0
TA.Q19A_.___
51.044700 -109.263000 0.0
TA.L26A_.___
47.963300 -103.079500 0.0
TA.034A_.___
62.935300 -98.683300 0.0
TA.I19A_.___
45.963700 -108.994300 0.0
TA.T28A_.___
52.879600 -102.113600 0.0
TA.M16A_.___
48.685400 -111.629800 0.0
TA.Q29A_.___
51.109500 -100.978700 0.0
TA.K13A_.___
47.350700 -114.084000 0.0
TA.636A_.___
60.519000 -97.057000 0.0
TA.I29A_.___
45.978500 -100.303400 0.0
TA.V22A_.___
54.086200 -106.909400 0.0
TA.T32A_.___
52.820300 -98.924700 0.0
TA.SFIN_.___
49.621000 -87.096700 0.0
