2
80
5871
5876
5881
5886
5891
5896
5901
5906
5911
5916
5921
5926
5931
5936
5941
5946
5951
5956
5961
5966
5971
5976
5981
5986
5991
5996
6001
6006
6011
6016
6021
6026
6031
6036
6041
6046
6051
6056
6061
6066
6071
6076
6081
6086
6091
6096
6101
6106
6111
6116
6121
6126
6131
6136
6141
6146
6151
6156
6161
6166
6171
6176
6181
6186
6191
6196
6201
6206
6211
6216
6221
6226
6231
6236
6241
6246
6251
6256
6261
6266
22
6266
6271
6276
6281
6286
6291
6296
6301
6306
6311
6316
6321
6326
6331
6336
6341
6346
6351
6356
6361
6366
6371
