2
37
47
47.25
47.5
47.75
48
48.25
48.5
48.75
49
49.25
49.5
49.75
50
50.25
50.5
50.75
51
51.25
51.5
51.75
52
52.25
52.5
52.75
53
53.25
53.5
53.75
54
54.25
54.5
54.75
55
55.25
55.5
55.75
56
91
47
47.1
47.2
47.3
47.4
47.5
47.6
47.7
47.8
47.9
48
48.1
48.2
48.3
48.4
48.5
48.6
48.7
48.8
48.9
49
49.1
49.2
49.3
49.4
49.5
49.6
49.7
49.8
49.9
50
50.1
50.2
50.3
50.4
50.5
50.6
50.7
50.8
50.9
51
51.1
51.2
51.3
51.4
51.5
51.6
51.7
51.8
51.9
52
52.1
52.2
52.3
52.4
52.5
52.6
52.7
52.8
52.9
53
53.1
53.2
53.3
53.4
53.5
53.6
53.7
53.8
53.9
54
54.1
54.2
54.3
54.4
54.5
54.6
54.7
54.8
54.9
55
55.1
55.2
55.3
55.4
55.5
55.6
55.7
55.8
55.9
56
